      time      xpos      ypos    idcell status
       0.0       1.2       1.5      4002    -1.
      64.0     248.3       1.5      4249    -1.
      64.0     248.3       1.5      4249    -1.
     128.0     478.7       1.5      4479    -1.
     128.0     478.7       1.5      4479    -1.
     192.0     693.4       1.5      4694    -1.
     192.0     693.4       1.5      4694    -1.
     256.0     893.5       1.5      4894    -1.
     256.0     893.5       1.5      4894    -1.
     320.0    1080.0       1.5      5080    -1.
     320.0    1080.0       1.5      5080    -1.
     384.0    1253.8       1.5      5254    -1.
     384.0    1253.8       1.5      5254    -1.
     448.0    1415.8       1.5      5416    -1.
     448.0    1415.8       1.5      5416    -1.
     512.0    1566.7       1.5      5567    -1.
     512.0    1566.7       1.5      5567    -1.
     576.0    1707.5       1.5      5708    -1.
     576.0    1707.5       1.5      5708    -1.
     640.0    1838.6       1.5      5839    -1.
     640.0    1838.6       1.5      5839    -1.
     704.0    1960.8       1.5      5961    -1.
     704.0    1960.8       1.5      5961    -1.
     768.0    2074.8       1.5      6075    -1.
     768.0    2074.8       1.5      6075    -1.
     832.0    2180.9       1.5      6181    -1.
     832.0    2180.9       1.5      6181    -1.
     896.0    2279.9       1.5      6280    -1.
     896.0    2279.9       1.5      6280    -1.
     960.0    2372.1       1.5      6373    -1.
     960.0    2372.1       1.5      6373    -1.
    1024.0    2458.1       1.5      6459    -1.
    1024.0    2458.1       1.5      6459    -1.
    1088.0    2538.2       1.5      6539    -1.
    1088.0    2538.2       1.5      6539    -1.
    1152.0    2612.9       1.5      6613    -1.
    1152.0    2612.9       1.5      6613    -1.
    1216.0    2682.5       1.5      6683    -1.
    1216.0    2682.5       1.5      6683    -1.
    1280.0    2747.4       1.5      6748    -1.
    1280.0    2747.4       1.5      6748    -1.
    1344.0    2807.8       1.5      6808    -1.
    1344.0    2807.8       1.5      6808    -1.
    1408.0    2864.2       1.5      6865    -1.
    1408.0    2864.2       1.5      6865    -1.
    1472.0    2916.7       1.5      6917    -1.
    1472.0    2916.7       1.5      6917    -1.
    1536.0    2965.7       1.5      6966    -1.
    1536.0    2965.7       1.5      6966    -1.
    1600.0    3011.3       1.5      7012    -1.
    1600.0    3011.3       1.5      7012    -1.
    1664.0    3053.8       1.5      7054    -1.
    1664.0    3053.8       1.5      7054    -1.
    1728.0    3093.4       1.5      7094    -1.
    1728.0    3093.4       1.5      7094    -1.
    1792.0    3130.4       1.5      7131    -1.
    1792.0    3130.4       1.5      7131    -1.
    1856.0    3164.8       1.5      7165    -1.
    1856.0    3164.8       1.5      7165    -1.
    1920.0    3196.9       1.5      7197    -1.
    1920.0    3196.9       1.5      7197    -1.
    1984.0    3226.8       1.5      7227    -1.
    1984.0    3226.8       1.5      7227    -1.
    2048.0    3254.6       1.5      7255    -1.
    2048.0    3254.6       1.5      7255    -1.
    2112.0    3280.6       1.5      7281    -1.
    2112.0    3280.6       1.5      7281    -1.
    2176.0    3304.8       1.5      7305    -1.
    2176.0    3304.8       1.5      7305    -1.
    2240.0    3327.4       1.5      7328    -1.
    2240.0    3327.4       1.5      7328    -1.
    2304.0    3348.4       1.5      7349    -1.
    2304.0    3348.4       1.5      7349    -1.
    2368.0    3368.0       1.5      7369    -1.
    2368.0    3368.0       1.5      7369    -1.
    2432.0    3386.3       1.5      7387    -1.
    2432.0    3386.3       1.5      7387    -1.
    2496.0    3403.3       1.5      7404    -1.
    2496.0    3403.3       1.5      7404    -1.
    2560.0    3419.2       1.5      7420    -1.
    2560.0    3419.2       1.5      7420    -1.
    2624.0    3434.0       1.5      7434    -1.
    2624.0    3434.0       1.5      7434    -1.
    2688.0    3447.8       1.5      7448    -1.
    2688.0    3447.8       1.5      7448    -1.
    2752.0    3460.6       1.5      7461    -1.
    2752.0    3460.6       1.5      7461    -1.
    2816.0    3472.6       1.5      7473    -1.
    2816.0    3472.6       1.5      7473    -1.
    2880.0    3483.7       1.5      7484    -1.
    2880.0    3483.7       1.5      7484    -1.
    2944.0    3494.1       1.5      7495    -1.
    2944.0    3494.1       1.5      7495    -1.
    3008.0    3503.8       1.5      7504    -1.
    3008.0    3503.8       1.5      7504    -1.
    3072.0    3512.9       1.5      7513    -1.
    3072.0    3512.9       1.5      7513    -1.
    3136.0    3521.3       1.5      7522    -1.
    3136.0    3521.3       1.5      7522    -1.
    3200.0    3529.1       1.5      7530    -1.
    3200.0    3529.1       1.5      7530    -1.
    3264.0    3536.5       1.5      7537    -1.
    3264.0    3536.5       1.5      7537    -1.
    3328.0    3543.3       1.5      7544    -1.
    3328.0    3543.3       1.5      7544    -1.
    3392.0    3549.6       1.5      7550    -1.
    3392.0    3549.6       1.5      7550    -1.
    3456.0    3555.6       1.5      7556    -1.
    3456.0    3555.6       1.5      7556    -1.
    3520.0    3561.1       1.5      7562    -1.
    3520.0    3561.1       1.5      7562    -1.
    3584.0    3566.2       1.5      7567    -1.
    3584.0    3566.2       1.5      7567    -1.
    3648.0    3571.0       1.5      7572    -1.
    3648.0    3571.0       1.5      7572    -1.
    3712.0    3575.5       1.5      7576    -1.
    3712.0    3575.5       1.5      7576    -1.
    3776.0    3579.6       1.5      7580    -1.
    3776.0    3579.6       1.5      7580    -1.
    3840.0    3583.5       1.5      7584    -1.
    3840.0    3583.5       1.5      7584    -1.
    3904.0    3587.1       1.5      7588    -1.
    3904.0    3587.1       1.5      7588    -1.
    3968.0    3590.5       1.5      7591    -1.
    3968.0    3590.5       1.5      7591    -1.
    4032.0    3593.6       1.5      7594    -1.
    4032.0    3593.6       1.5      7594    -1.
    4096.0    3596.6       1.5      7597    -1.
    4096.0    3596.6       1.5      7597    -1.
    4160.0    3599.3       1.5      7600    -1.
    4160.0    3599.3       1.5      7600    -1.
    4224.0    3601.8       1.5      7602    -1.
    4224.0    3601.8       1.5      7602    -1.
    4288.0    3604.2       1.5      7605    -1.
    4288.0    3604.2       1.5      7605    -1.
    4352.0    3606.4       1.5      7607    -1.
    4352.0    3606.4       1.5      7607    -1.
    4416.0    3608.5       1.5      7609    -1.
    4416.0    3608.5       1.5      7609    -1.
    4480.0    3610.4       1.5      7611    -1.
    4480.0    3610.4       1.5      7611    -1.
    4544.0    3612.2       1.5      7613    -1.
    4544.0    3612.2       1.5      7613    -1.
    4608.0    3613.9       1.5      7614    -1.
    4608.0    3613.9       1.5      7614    -1.
    4672.0    3615.4       1.5      7616    -1.
    4672.0    3615.4       1.5      7616    -1.
    4736.0    3616.8       1.5      7617    -1.
    4736.0    3616.8       1.5      7617    -1.
    4800.0    3618.2       1.5      7619    -1.
    4800.0    3618.2       1.5      7619    -1.
    4864.0    3619.5       1.5      7620    -1.
    4864.0    3619.5       1.5      7620    -1.
    4928.0    3620.6       1.5      7621    -1.
    4928.0    3620.6       1.5      7621    -1.
    4992.0    3621.7       1.5      7622    -1.
    4992.0    3621.7       1.5      7622    -1.
    5056.0    3622.7       1.5      7623    -1.
    5056.0    3622.7       1.5      7623    -1.
    5120.0    3623.6       1.5      7624    -1.
    5120.0    3623.6       1.5      7624    -1.
    5184.0    3624.5       1.5      7625    -1.
    5184.0    3624.5       1.5      7625    -1.
    5248.0    3625.3       1.5      7626    -1.
    5248.0    3625.3       1.5      7626    -1.
    5312.0    3626.1       1.5      7627    -1.
    5312.0    3626.1       1.5      7627    -1.
    5376.0    3626.8       1.5      7627    -1.
    5376.0    3626.8       1.5      7627    -1.
    5440.0    3627.5       1.5      7628    -1.
