      time      xpos      ypos    idcell status
       0.0       1.2       1.5      4002    -1.
      64.0     257.1       1.5      4258    -1.
      64.0     257.1       1.5      4258    -1.
     128.0     495.0       1.5      4496    -1.
     128.0     495.0       1.5      4496    -1.
     192.0     716.2       1.5      4717    -1.
     192.0     716.2       1.5      4717    -1.
     256.0     921.8       1.5      4922    -1.
     256.0     921.8       1.5      4922    -1.
     320.0    1112.9       1.5      5113    -1.
     320.0    1112.9       1.5      5113    -1.
     384.0    1290.5       1.5      5291    -1.
     384.0    1290.5       1.5      5291    -1.
     448.0    1455.6       1.5      5456    -1.
     448.0    1455.6       1.5      5456    -1.
     512.0    1609.2       1.5      5610    -1.
     512.0    1609.2       1.5      5610    -1.
     576.0    1751.9       1.5      5752    -1.
     576.0    1751.9       1.5      5752    -1.
     640.0    1884.5       1.5      5885    -1.
     640.0    1884.5       1.5      5885    -1.
     704.0    2007.8       1.5      6008    -1.
     704.0    2007.8       1.5      6008    -1.
     768.0    2122.5       1.5      6123    -1.
     768.0    2122.5       1.5      6123    -1.
     832.0    2229.1       1.5      6230    -1.
     832.0    2229.1       1.5      6230    -1.
     896.0    2328.1       1.5      6329    -1.
     896.0    2328.1       1.5      6329    -1.
     960.0    2420.2       1.5      6421    -1.
     960.0    2420.2       1.5      6421    -1.
    1024.0    2505.8       1.5      6506    -1.
    1024.0    2505.8       1.5      6506    -1.
    1088.0    2585.4       1.5      6586    -1.
    1088.0    2585.4       1.5      6586    -1.
    1152.0    2659.4       1.5      6660    -1.
    1152.0    2659.4       1.5      6660    -1.
    1216.0    2728.2       1.5      6729    -1.
    1216.0    2728.2       1.5      6729    -1.
    1280.0    2792.1       1.5      6793    -1.
    1280.0    2792.1       1.5      6793    -1.
    1344.0    2851.6       1.5      6852    -1.
    1344.0    2851.6       1.5      6852    -1.
    1408.0    2906.8       1.5      6907    -1.
    1408.0    2906.8       1.5      6907    -1.
    1472.0    2958.1       1.5      6959    -1.
    1472.0    2958.1       1.5      6959    -1.
    1536.0    3005.9       1.5      7006    -1.
    1536.0    3005.9       1.5      7006    -1.
    1600.0    3050.3       1.5      7051    -1.
    1600.0    3050.3       1.5      7051    -1.
    1664.0    3091.5       1.5      7092    -1.
    1664.0    3091.5       1.5      7092    -1.
    1728.0    3129.9       1.5      7130    -1.
    1728.0    3129.9       1.5      7130    -1.
    1792.0    3165.5       1.5      7166    -1.
    1792.0    3165.5       1.5      7166    -1.
    1856.0    3198.7       1.5      7199    -1.
    1856.0    3198.7       1.5      7199    -1.
    1920.0    3229.5       1.5      7230    -1.
    1920.0    3229.5       1.5      7230    -1.
    1984.0    3258.1       1.5      7259    -1.
    1984.0    3258.1       1.5      7259    -1.
    2048.0    3284.7       1.5      7285    -1.
    2048.0    3284.7       1.5      7285    -1.
    2112.0    3309.5       1.5      7310    -1.
    2112.0    3309.5       1.5      7310    -1.
    2176.0    3332.5       1.5      7333    -1.
    2176.0    3332.5       1.5      7333    -1.
    2240.0    3353.9       1.5      7354    -1.
    2240.0    3353.9       1.5      7354    -1.
    2304.0    3373.8       1.5      7374    -1.
    2304.0    3373.8       1.5      7374    -1.
    2368.0    3392.2       1.5      7393    -1.
    2368.0    3392.2       1.5      7393    -1.
    2432.0    3409.4       1.5      7410    -1.
    2432.0    3409.4       1.5      7410    -1.
    2496.0    3425.4       1.5      7426    -1.
    2496.0    3425.4       1.5      7426    -1.
    2560.0    3440.3       1.5      7441    -1.
    2560.0    3440.3       1.5      7441    -1.
    2624.0    3454.1       1.5      7455    -1.
    2624.0    3454.1       1.5      7455    -1.
    2688.0    3466.9       1.5      7467    -1.
    2688.0    3466.9       1.5      7467    -1.
    2752.0    3478.8       1.5      7479    -1.
    2752.0    3478.8       1.5      7479    -1.
    2816.0    3489.9       1.5      7490    -1.
    2816.0    3489.9       1.5      7490    -1.
    2880.0    3500.2       1.5      7501    -1.
    2880.0    3500.2       1.5      7501    -1.
    2944.0    3509.8       1.5      7510    -1.
    2944.0    3509.8       1.5      7510    -1.
    3008.0    3518.7       1.5      7519    -1.
    3008.0    3518.7       1.5      7519    -1.
    3072.0    3527.0       1.5      7527    -1.
    3072.0    3527.0       1.5      7527    -1.
    3136.0    3534.7       1.5      7535    -1.
    3136.0    3534.7       1.5      7535    -1.
    3200.0    3541.8       1.5      7542    -1.
    3200.0    3541.8       1.5      7542    -1.
    3264.0    3548.5       1.5      7549    -1.
    3264.0    3548.5       1.5      7549    -1.
    3328.0    3554.6       1.5      7555    -1.
    3328.0    3554.6       1.5      7555    -1.
    3392.0    3560.4       1.5      7561    -1.
    3392.0    3560.4       1.5      7561    -1.
    3456.0    3565.7       1.5      7566    -1.
    3456.0    3565.7       1.5      7566    -1.
    3520.0    3570.7       1.5      7571    -1.
    3520.0    3570.7       1.5      7571    -1.
    3584.0    3575.3       1.5      7576    -1.
    3584.0    3575.3       1.5      7576    -1.
    3648.0    3579.6       1.5      7580    -1.
    3648.0    3579.6       1.5      7580    -1.
    3712.0    3583.6       1.5      7584    -1.
    3712.0    3583.6       1.5      7584    -1.
    3776.0    3587.3       1.5      7588    -1.
    3776.0    3587.3       1.5      7588    -1.
    3840.0    3590.8       1.5      7591    -1.
    3840.0    3590.8       1.5      7591    -1.
    3904.0    3594.0       1.5      7594    -1.
    3904.0    3594.0       1.5      7594    -1.
    3968.0    3596.9       1.5      7597    -1.
    3968.0    3596.9       1.5      7597    -1.
    4032.0    3599.7       1.5      7600    -1.
    4032.0    3599.7       1.5      7600    -1.
    4096.0    3602.3       1.5      7603    -1.
    4096.0    3602.3       1.5      7603    -1.
    4160.0    3604.7       1.5      7605    -1.
    4160.0    3604.7       1.5      7605    -1.
    4224.0    3606.9       1.5      7607    -1.
    4224.0    3606.9       1.5      7607    -1.
    4288.0    3609.0       1.5      7609    -1.
    4288.0    3609.0       1.5      7609    -1.
    4352.0    3610.9       1.5      7611    -1.
    4352.0    3610.9       1.5      7611    -1.
    4416.0    3612.7       1.5      7613    -1.
    4416.0    3612.7       1.5      7613    -1.
    4480.0    3614.3       1.5      7615    -1.
    4480.0    3614.3       1.5      7615    -1.
    4544.0    3615.9       1.5      7616    -1.
    4544.0    3615.9       1.5      7616    -1.
    4608.0    3617.3       1.5      7618    -1.
    4608.0    3617.3       1.5      7618    -1.
    4672.0    3618.7       1.5      7619    -1.
    4672.0    3618.7       1.5      7619    -1.
    4736.0    3619.9       1.5      7620    -1.
    4736.0    3619.9       1.5      7620    -1.
    4800.0    3621.0       1.5      7622    -1.
    4800.0    3621.0       1.5      7622    -1.
    4864.0    3622.1       1.5      7623    -1.
    4864.0    3622.1       1.5      7623    -1.
    4928.0    3623.1       1.5      7624    -1.
    4928.0    3623.1       1.5      7624    -1.
    4992.0    3624.1       1.5      7625    -1.
    4992.0    3624.1       1.5      7625    -1.
    5056.0    3624.9       1.5      7625    -1.
    5056.0    3624.9       1.5      7625    -1.
    5120.0    3625.7       1.5      7626    -1.
    5120.0    3625.7       1.5      7626    -1.
    5184.0    3626.5       1.5      7627    -1.
    5184.0    3626.5       1.5      7627    -1.
    5248.0    3627.2       1.5      7628    -1.
    5248.0    3627.2       1.5      7628    -1.
    5312.0    3627.8       1.5      7628    -1.
    5312.0    3627.8       1.5      7628    -1.
    5376.0    3628.4       1.5      7629    -1.
    5376.0    3628.4       1.5      7629    -1.
    5440.0    3629.0       1.5      7629    -1.
